102340
887741
445577
466104
466104
102340
922412
833906
735110
320593
226774
661708
766952
267555
694495
801399
553285
934462
542205
514559
561763
267686
581121
586935
753130
434027
352238
437896
103064
982589
572269
136593
647824
961206
931771
454805
803477
749312
202675
130116
354446
997195
984055
415891
432802
566527
225639
634049
857884
524819
259620
695536
108209
917693
166724
389108
855758
540694
220770
708339
570303
894147
269989
972827
908330
418099
853514
550163
376844
828794
620771
284289
629883
979525
473410
590377
958187
737800
215925
707640
649766
194597
388378
106075
767771
520852
249576
830024
944737
289612
423560
521694
421027
590510
168089
730122
426257
525062
262979
896114
692822
407541
949013
226879
725267
292209
102340
887741
445577
466104
466104
102340
922412
833906
735110
320593
226774
661708
766952
267555
694495
801399
553285
934462
542205
514559
561763
267686
581121
586935
753130
434027
352238
437896
103064
982589
572269
136593
647824
961206
931771
454805
803477
749312
202675
130116
354446
997195
984055
415891
432802
566527
225639
634049
857884
524819
259620
695536
108209
917693
166724
389108
855758
540694
220770
708339
570303
894147
269989
972827
908330
418099
853514
550163
376844
828794
620771
284289
629883
979525
473410
590377
958187
737800
215925
707640
649766
194597
388378
106075
767771
520852
249576
830024
944737
289612
423560
521694
421027
590510
168089
730122
426257
525062
262979
896114
692822
407541
949013
226879
725267
292209
102340
887741
445577
466104
466104
102340
922412
833906
735110
320593
226774
661708
766952
267555
694495
801399
553285
934462
542205
514559
561763
267686
581121
586935
753130
434027
352238
437896
103064
982589
572269
136593
647824
961206
931771
454805
803477
749312
202675
130116
354446
997195
984055
415891
432802
566527
225639
634049
857884
524819
259620
695536
108209
917693
166724
389108
855758
540694
220770
708339
570303
894147
269989
972827
908330
418099
853514
550163
376844
828794
620771
284289
629883
979525
473410
590377
958187
737800
215925
707640
649766
194597
388378
106075
767771
520852
249576
830024
944737
289612
423560
521694
421027
590510
168089
730122
426257
525062
262979
896114
692822
407541
949013
226879
725267
292209
102340
887741
445577
466104
466104
102340
922412
833906
735110
320593
226774
661708
766952
267555
694495
801399
553285
934462
542205
514559
561763
267686
581121
586935
753130
434027
352238
437896
103064
982589
572269
136593
647824
961206
931771
454805
803477
749312
202675
130116
354446
997195
984055
415891
432802
566527
225639
634049
857884
524819
259620
695536
108209
917693
166724
389108
855758
540694
220770
708339
570303
894147
269989
972827
908330
418099
853514
550163
376844
828794
620771
284289
629883
979525
473410
590377
958187
737800
215925
707640
649766
194597
388378
106075
767771
520852
249576
830024
944737
289612
423560
521694
421027
590510
168089
730122
426257
525062
262979
896114
692822
407541
949013
226879
725267
292209


